BNB = 0.00083062
BUSD = 30.44391126
TRADE_QUANTITY = 0.03